 # Derivative distribution function -dV(r)/dr (or -dV(d)/dd) vs d
  0.125000000      -0.00000000    
  0.375000000      -0.00000000    
  0.625000000      -0.00000000    
  0.875000000      -0.00000000    
   1.12500000      -0.00000000    
   1.37500000      -0.00000000    
   1.62500000      -0.00000000    
   1.87500000      -0.00000000    
   2.12500000      -0.00000000    
   2.37500000       1.88398361E-03
   2.62500000       1.38162374E-02
   2.87500000       1.61190033E-02
   3.12500000       1.65375471E-02
   3.37500000       3.51684093E-02
   3.62500000       4.24952507E-02
   3.87500000       3.95646095E-02
   4.12500000       3.99832726E-02
   4.37500000       3.80992889E-02
   4.62500000       3.74711752E-02
   4.87500000       4.24952507E-02
   5.12500000      0.141930103    
   5.37500000      0.129579186    
   5.62500000       2.13522911E-02
   5.87500000       1.88403130E-02
   6.12500000       1.94683075E-02
   6.37500000       2.72136927E-02
   6.62500000       3.20285559E-02
   6.87500000       3.37032080E-02
   7.12500000       3.24470997E-02
   7.37500000       2.74230242E-02
   7.62500000       3.07724476E-02
   7.87500000       2.82604694E-02
   8.12500000       3.16097736E-02
   8.37500000       3.91459465E-02
   8.62500000       3.99832726E-02
   8.87500000       4.50072289E-02
   9.12500000       4.16579247E-02
   9.37500000       4.47980165E-02
   9.62500000       5.27527332E-02
   9.87500000       5.50554991E-02
   10.1250000       5.27528524E-02
   10.3750000       5.17060757E-02
   10.6250000      0.397948503    
   10.8750000      0.504500747    
   11.1250000      0.145698130    
   11.3750000       2.11429596E-02
   11.6250000       1.82122588E-02
   11.8750000       1.96776390E-02
   12.1250000       2.32363343E-02
   12.3750000      0.209964395    
   12.6250000      0.767845929    
   12.8750000      0.570651054    
   13.1250000      -0.00000000    
   13.3750000      -0.00000000    
   13.6250000      -0.00000000    
   13.8750000      -0.00000000    
   14.1250000      -0.00000000    
   14.3750000      -0.00000000    
   14.6250000      -0.00000000    
   14.8750000      -0.00000000    
   15.1250000      -0.00000000    
   15.3750000      -0.00000000    
   15.6250000      -0.00000000    
   15.8750000      -0.00000000    
   16.1250000      -0.00000000    
   16.3750000      -0.00000000    
   16.6250000      -0.00000000    
   16.8750000      -0.00000000    
   17.1250000      -0.00000000    
   17.3750000      -0.00000000    
   17.6250000      -0.00000000    
   17.8750000      -0.00000000    
   18.1250000      -0.00000000    
   18.3750000      -0.00000000    
   18.6250000      -0.00000000    
   18.8750000      -0.00000000    
   19.1250000      -0.00000000    
   19.3750000      -0.00000000    
