 # Cumulative accessible volume distribution as a function of probe diameter
 # 
 # d(probe)                Volume Fraction
 -0.125000000       1.00000000    
  0.125000000       1.00000000    
  0.375000000       1.00000000    
  0.625000000       1.00000000    
  0.875000000       1.00000000    
   1.12500000       1.00000000    
   1.37500000       1.00000000    
   1.62500000       1.00000000    
   1.87500000       1.00000000    
   2.12500000       1.00000000    
   2.37500000       1.00000000    
   2.62500000      0.999058008    
   2.87500000      0.993091881    
   3.12500000      0.990998507    
   3.37500000      0.984823108    
   3.62500000      0.973414302    
   3.87500000      0.963575482    
   4.12500000      0.953631997    
   4.37500000      0.943583846    
   4.62500000      0.934582353    
   4.87500000      0.924848258    
   5.12500000      0.913334727    
   5.37500000      0.853883207    
   5.62500000      0.848545134    
   5.87500000      0.843207061    
   6.12500000      0.839124978    
   6.37500000      0.833472908    
   6.62500000      0.825518131    
   6.87500000      0.817458630    
   7.12500000      0.808666527    
   7.37500000      0.801235080    
   7.62500000      0.794955015    
   7.87500000      0.785848856    
   8.12500000      0.780824780    
   8.37500000      0.770043969    
   8.62500000      0.761251807    
   8.87500000      0.750052333    
   9.12500000      0.738748193    
   9.37500000      0.729223371    
   9.62500000      0.716349185    
   9.87500000      0.702847004    
   10.1250000      0.688821435    
   10.3750000      0.676470578    
   10.6250000      0.662968397    
   10.8750000      0.477496326    
   11.1250000      0.410718024    
   11.3750000      0.404647261    
   11.6250000      0.400146544    
   11.8750000      0.395541131    
   12.1250000      0.390307724    
   12.3750000      0.383922964    
   12.6250000      0.285325527    
   12.8750000       0.00000000    
   13.1250000       0.00000000    
   13.3750000       0.00000000    
   13.6250000       0.00000000    
   13.8750000       0.00000000    
   14.1250000       0.00000000    
   14.3750000       0.00000000    
   14.6250000       0.00000000    
   14.8750000       0.00000000    
   15.1250000       0.00000000    
   15.3750000       0.00000000    
   15.6250000       0.00000000    
   15.8750000       0.00000000    
   16.1250000       0.00000000    
   16.3750000       0.00000000    
   16.6250000       0.00000000    
   16.8750000       0.00000000    
   17.1250000       0.00000000    
   17.3750000       0.00000000    
   17.6250000       0.00000000    
   17.8750000       0.00000000    
   18.1250000       0.00000000    
   18.3750000       0.00000000    
   18.6250000       0.00000000    
   18.8750000       0.00000000    
   19.1250000       0.00000000    
   19.3750000       0.00000000    
   19.6250000       0.00000000    
