 # Derivative distribution function -dV(r)/dr (or -dV(d)/dd) vs d
  0.125000000      -0.00000000    
  0.375000000      -0.00000000    
  0.625000000      -0.00000000    
  0.875000000      -0.00000000    
   1.12500000      -0.00000000    
   1.37500000      -0.00000000    
   1.62500000      -0.00000000    
   1.87500000      -0.00000000    
   2.12500000       2.08377838E-04
   2.37500000       3.95953655E-03
   2.62500000       1.75055265E-02
   2.87500000       1.93810463E-02
   3.12500000       1.60466433E-02
   3.37500000       3.54278088E-02
   3.62500000       4.29301262E-02
   3.87500000       3.77200842E-02
   4.12500000       3.81368399E-02
   4.37500000       4.18881178E-02
   4.62500000       4.10544872E-02
   4.87500000       4.43888903E-02
   5.12500000      0.149213314    
   5.37500000      0.133166552    
   5.62500000       2.08399296E-02
   5.87500000       2.08399296E-02
   6.12500000       2.56329775E-02
   6.37500000       3.31352949E-02
   6.62500000       3.33436728E-02
   6.87500000       3.16765308E-02
   7.12500000       2.93842554E-02
   7.37500000       2.81338692E-02
   7.62500000       2.70917416E-02
   7.87500000       2.31322050E-02
   8.12500000       2.98010111E-02
   8.37500000       3.56360674E-02
   8.62500000       4.25132513E-02
   8.87500000       4.27217484E-02
   9.12500000       3.54278088E-02
   9.37500000       4.29301262E-02
   9.62500000       5.39752245E-02
   9.87500000       5.48087358E-02
   10.1250000       4.98071909E-02
   10.3750000       5.00156879E-02
   10.6250000      0.396582246    
   10.8750000      0.511201382    
   11.1250000      0.150672078    
   11.3750000       1.89642310E-02
   11.6250000       2.16734409E-02
   11.8750000       2.25070715E-02
   12.1250000       1.97978616E-02
   12.3750000      0.209648848    
   12.6250000      0.758361995    
   12.8750000      0.558716238    
   13.1250000      -0.00000000    
   13.3750000      -0.00000000    
   13.6250000      -0.00000000    
   13.8750000      -0.00000000    
   14.1250000      -0.00000000    
   14.3750000      -0.00000000    
   14.6250000      -0.00000000    
   14.8750000      -0.00000000    
   15.1250000      -0.00000000    
   15.3750000      -0.00000000    
   15.6250000      -0.00000000    
   15.8750000      -0.00000000    
   16.1250000      -0.00000000    
   16.3750000      -0.00000000    
   16.6250000      -0.00000000    
   16.8750000      -0.00000000    
   17.1250000      -0.00000000    
   17.3750000      -0.00000000    
   17.6250000      -0.00000000    
   17.8750000      -0.00000000    
   18.1250000      -0.00000000    
   18.3750000      -0.00000000    
   18.6250000      -0.00000000    
   18.8750000      -0.00000000    
   19.1250000      -0.00000000    
   19.3750000      -0.00000000    
